(1246.734716356186, 1671.2134550411436)
(1243.4704233094806, 1667.4260560781042)
(1240.206228168249, 1663.6385727342515)
(1236.9431189790037, 1659.8501537475154)
(1233.6804769505081, 1656.0613324276464)
(1230.417727511318, 1652.2726036042725)
(1227.1534178602747, 1648.4852189522855)
(1223.8858706748679, 1644.7006271128475)
(1220.6151008849858, 1640.9188200075612)
(1217.341609856363, 1637.139368131227)
(1214.0611986867182, 1633.3659210919711)
(1210.7738081439727, 1629.598552856788)
(1207.4833409495336, 1625.8338715100708)
(1204.9698853591992, 1621.5115410049593)
(1202.4458752187525, 1617.1953652890134)
(1199.9106667300593, 1612.885757659674)
(1197.3675595200216, 1608.5808063570164)
(1194.8082926728355, 1604.2854422042474)
(1192.23600184884, 1599.997864809402)
(1189.651726663476, 1595.717500132612)
(1186.9177700872233, 1591.5311554932919)
(1184.3031112113017, 1587.2692827872431)
(1181.6862458495764, 1583.0087645466294)
(1179.0526525154671, 1578.7585661806077)
(1176.408505608797, 1574.5149253927998)
(1173.7472805950263, 1570.281973535516)
(1171.0646375597964, 1566.0625628722205)
(1168.3695686687565, 1561.8510781372904)
(1165.652638003025, 1557.6536637239155)
(1162.9320635121635, 1553.4586101557625)
(1160.2120440553763, 1549.2631966892852)
(1157.497272667453, 1545.0643853918687)
(1154.8070637096996, 1540.8497945738147)
(1152.1571061796224, 1536.6097798228043)
(1149.5465355561512, 1532.3454016712012)
(1146.960252785434, 1528.066249719016)
(1144.3991065198097, 1523.7720059199196)
(1141.855578357129, 1519.4673033186184)
(1139.3415917479806, 1515.145281647106)
(1136.855676130962, 1510.8070534897747)
(1134.4002541209768, 1506.4514935082248)
(1131.9720978508176, 1502.0806746916085)
(1129.0424293218978, 1498.0288797423723)
(1126.138468815024, 1493.9586201223335)
(1123.1053618753344, 1489.983665746192)
(1120.2685974248589, 1485.8662918923237)
(1117.4679518080561, 1481.7242653196079)
(1115.2283281703142, 1477.2539089623062)
(1112.4713562193926, 1473.0826854413438)
(1109.740383133178, 1468.89439390393)
(1107.5867521810867, 1464.3819806114452)
(1104.9104071235686, 1460.1585723748312)
(1102.2416769980675, 1455.9303482183745)
(1099.5741627677332, 1451.7013568692507)
(1096.9121537174526, 1447.4688980311491)
(1094.2517677016078, 1443.2354188181735)
(1091.5909733504805, 1439.0021962370884)
(1088.935679187593, 1434.7655214904814)
(1086.2848514295247, 1430.526050745559)
(1083.636390579123, 1426.2851009552537)
(1080.993396275727, 1422.040742215442)
(1078.3539165069362, 1417.7941969666374)
(1075.7188631063989, 1413.5449036634732)
(1073.0823756490452, 1409.296499976532)
(1070.4445987199035, 1405.0488967850736)
(1067.8111498210365, 1400.7986089245803)
(1065.1813417251396, 1396.5460674046471)
(1062.5524475376549, 1392.2929608516663)
(1059.9249046819994, 1388.0390193215446)
(1057.300702452502, 1383.7830161896495)
(1054.6744319749068, 1379.5282890093815)
(1052.0516791085827, 1375.2713925574826)
(1049.4295367819575, 1371.014120001148)
(1046.807172908856, 1366.7569839078276)
(1044.188896846876, 1362.4973324592625)
(1041.5669526218544, 1358.2399378944053)
(1038.9464375145021, 1353.9816635288744)
(1036.3271772803032, 1349.7226171772197)
(1033.7103970094486, 1345.4620466738638)
(1031.099584168241, 1341.1978168127769)
(1028.4864085286072, 1336.935034496446)
(1025.8737149953581, 1332.671956676218)
(1023.2637876121933, 1328.4071848119086)
(1020.650891139498, 1324.144231372921)
(1018.0387911424217, 1319.8807898516527)
(1015.4276441849647, 1315.6167645742225)
(1012.8164646473016, 1311.352759247996)
(1010.2033858439307, 1307.0899175705026)
(1007.5905597376737, 1302.8269210025398)
(1004.9734857398563, 1298.5665309159458)
(1002.3583875050596, 1294.3049277877365)
(999.7353165121369, 1290.0482273559362)
(997.1165999759976, 1285.7888466846002)
(994.4957745146104, 1281.5307633245725)
(991.8730458391462, 1277.273851968331)
(989.2492432419931, 1273.0176024536559)
(986.6243087112009, 1268.7620509372182)
(983.9952507351696, 1264.5090456281848)
(981.3625530721447, 1260.2582923990378)
(978.7266026623366, 1256.0095554764887)
(976.0855959415106, 1251.7639596996216)
(973.441678401243, 1247.5201760057626)
(970.7959184519207, 1243.2775407055556)
(968.1446786649708, 1239.0383276191333)
(965.4872942082457, 1234.802963662027)
(962.8196534721219, 1230.5740521114062)
(960.1440322351864, 1226.3501852815382)
(957.464038563248, 1222.1290913571663)
(954.7729230975976, 1217.9150793079978)
(952.0713631844424, 1213.7077554512412)
(948.1325053668018, 1210.6279179405255)
(944.2658038062581, 1207.4579622560263)
(940.4844056129513, 1204.1867197239515)
(936.7463743636879, 1200.8660085983745)
(933.1656416486719, 1197.376258861844)
(929.6095819200559, 1193.8613706407884)
(926.0549964090123, 1190.3449915593071)
(922.5018426068415, 1186.827165802093)
(918.9497003509574, 1183.3083186337774)
(915.3956156325229, 1179.7914333905273)
(911.8405848061735, 1176.275504519844)
(909.0912652797673, 1172.099233199429)
(906.334885330691, 1167.9276184549528)
(903.5693622346915, 1163.762059428184)
(900.799723994914, 1159.5992353842494)
(898.0204855786668, 1155.4428145891836)
(895.2357792983804, 1151.2900551532744)
(892.4389085296631, 1147.1454787089203)
(889.632086673765, 1143.0076349383978)
(886.8156823272119, 1138.8763074814276)
(883.9889525100259, 1134.7520380260414)
(881.1522013777376, 1130.6346549963173)
(878.3081230935536, 1126.5223297765137)
(875.4529436346565, 1122.4177043054758)
(872.586924211252, 1118.3206403976671)
(869.7138895993693, 1114.2284927807154)
(866.8289320518485, 1110.1447420599927)
(863.9220800998673, 1106.0765469160422)
(861.0073508200252, 1102.0139919040785)
(856.2844580642591, 1100.3725644711617)
(851.6220861245672, 1098.5663839995661)
(847.0269089977085, 1096.5955092768113)
(842.4901159353319, 1094.4937222492626)
(838.0464083657454, 1092.2016788299532)
(833.737619043939, 1089.6650798115256)
(829.5491688960269, 1086.9343499899478)
(825.4608846725855, 1084.0558204854333)
(824.196546708095, 1079.2183160139575)
(823.0872106966376, 1074.342931555919)
(822.1377334046326, 1069.4339099760145)
(821.2961113043159, 1064.5052517163806)
(820.6795037737062, 1059.543417866563)
(820.1683516254428, 1054.5696141429198)
(820.0564963292518, 1049.5708654602279)
(820.0006896666719, 1044.5711769082866)
(819.8184081890287, 1039.5745006667328)
(819.3985206929149, 1036.9474251297845)
(818.9595746710941, 1032.6550093035517)
(819.464228639534, 1025.4175728973785)
(821.6465522070655, 1015.2332912185549)
(826.6171984462412, 1004.389367489366)
(831.8873783284517, 993.6640221433302)
(837.7238353787349, 987.040562233504)
(845.2117667703491, 983.1967819769418)
(850.34646813477, 982.0069132999317)
(855.7211155384601, 981.2404019880289)
(861.5698385296475, 980.1336722767776)
(868.1761410371222, 978.250462537951)
(871.8372547658556, 975.2723549285689)
(874.5800435850537, 973.6104387074831)
(880.1055410293982, 971.7209734577848)
(884.5476204382192, 971.9803692454261)
(889.8530320861771, 969.2267188713544)
(895.069984387769, 969.1042177901725)
(898.818840268981, 966.0287430423342)
(903.8433276938811, 965.7269037970927)
(908.0574841157842, 964.5857346448556)
(912.6946355697621, 963.3346390369189)
(916.1334703859942, 962.6747101271151)
(920.016644120744, 962.8621691020617)
(925.6980410923034, 961.2795957878776)
(930.6681510493435, 960.6507530792034)
(933.5394435323909, 962.1135286872066)
(937.0973563042912, 963.2997626863269)
(942.2214400383301, 961.5053446195931)
(948.3415438484827, 961.8212428194007)
(953.9791506241711, 961.3108108124626)
(960.1659842895492, 959.4379222199212)
(966.681627936991, 958.0466067998206)
(971.2575560520089, 957.3499671926676)
(975.3286883457376, 957.2940644463681)
(981.1880735170554, 957.7417638317877)
(985.9059685073647, 958.4061445793275)
(989.6950514304231, 958.9793022184788)
(994.727612664387, 957.95024132958)
(999.4306341203597, 957.21098551622)
(1006.0789562949844, 953.5004301131179)
(1011.7315411991362, 954.6682398962271)
(1016.5809524044793, 955.1859491220004)
(1020.8167119909144, 955.5918914649444)
(1026.0465058797743, 954.4658050949674)
(1030.105531885399, 954.8312544201007)
(1035.7983431374169, 954.3770129183667)
(1041.1942317546145, 954.5401966416531)
(1046.6270663535934, 953.5437858612765)
(1049.6701527007538, 953.7421360645818)
(1057.6493735337237, 951.824916597444)
(1063.7128378973707, 950.8770189655617)
(1070.9494100277793, 949.9446087771056)
(1074.9777919041683, 951.340218214889)
(1080.1309084412367, 950.7081467782455)
(1086.1045316541256, 949.4094684493159)
(1091.5580939053737, 947.2956532750633)
(1094.759562431336, 948.9772070266437)
(1101.2098986427777, 946.8847625728023)
(1107.0427509275905, 948.2402414448155)
(1111.9428347388143, 949.5034291702217)
(1115.375300598202, 949.1065000604381)
(1123.0439790791859, 949.568785191026)
(1128.8395800494354, 948.6302559367031)
(1135.6262549653, 949.232529812085)
(1141.6204810405482, 949.4250069875661)
(1146.620122241565, 949.883473337339)
(1152.155701657701, 950.219626366783)
(1159.0235846962655, 950.474933596793)
(1163.4672944796648, 950.435469156781)
(1170.0131527972007, 949.919477493871)
(1175.738626628881, 949.941162809689)
(1182.1565324644466, 950.2749988794342)
(1188.1428123279052, 949.4315139990251)
(1193.6334551602565, 949.8953469538576)
(1199.1800948826362, 949.6656768829422)
(1205.058714703001, 949.5349976200305)
(1210.4205417946464, 949.9166783496703)
(1215.8698033830108, 950.5643918711936)
(1223.279246614937, 946.2568703223686)
(1227.4094721679717, 948.7263884546518)
(1234.1573863433232, 947.0737718492758)
(1238.062264267361, 948.5819995413459)
(1244.1301421506669, 948.5481707158003)
(1250.0977531681756, 947.7602126919866)
(1255.0139722369574, 948.3564707605085)
(1258.796088079816, 948.4796486959107)
(1267.2380619822677, 947.7778577646619)
(1265.8965712232148, 949.209097955323)
(1261.6137083551182, 946.6289650802411)
(1257.3400441082656, 944.0336242731074)
(1252.7197572149785, 942.1223553167018)
(1248.1147904122106, 940.174463957974)
(1243.5292303383876, 938.1813159932306)
(1239.358520157674, 935.42356752963)
(1234.8128975008271, 933.340945465606)
(1230.2896717513645, 931.2101172652582)
(1225.79244831357, 929.0249441941828)
(1221.3203702687395, 926.7887604000941)
(1216.865343011806, 924.5187973739679)
(1212.4337542864284, 922.2034094217869)
(1210.365989003192, 917.6510093148717)
(1205.9664157357563, 915.2753504453229)
(1201.5861373773632, 912.864300569648)
(1197.6986938234952, 909.7198160943342)
(1197.6034063846616, 909.8034004740941)
(1193.7123913197418, 913.8513647127089)
(1187.2818763250852, 921.6926512286597)
(1180.2302206945533, 932.0132286334101)
(1179.375543613924, 940.6177075990453)
(1183.1354263959959, 943.2725931717215)
(1188.763781204838, 943.3156311450863)
(1191.2617788747878, 943.5169486061121)
(1195.5966755567601, 942.8841058390916)
(1201.7125972754118, 942.0192338918208)
(1206.323471262246, 942.9525895240807)
(1209.8659213932644, 943.2550279313823)
(1214.3171421288132, 945.8145604797219)
(1219.8154544778115, 945.7430751820735)
(1225.8097907446866, 944.7582915646326)
(1230.931672873825, 944.9555683109165)
(1232.6588731454333, 943.0175656193287)
(1238.619979293384, 945.8615387750093)
(1244.4470149717042, 945.8020986462201)
(1249.889567361353, 946.7137623207956)
(1255.245451692914, 945.5413489970658)
(1260.8008274769736, 943.7367549628217)
(1266.627248140718, 947.3039117350743)
(1268.5920557939482, 949.7045238308974)
(1270.2397281187978, 949.1201445767646)
(1266.251551955588, 946.1044438470494)
(1262.2515312222138, 943.1044714917474)
(1258.5736461636322, 939.7172659331989)
(1254.363965488552, 942.4151518859136)
(1250.676612458447, 943.9798788566487)
(1242.1647895409837, 948.1762302292547)
(1231.2235429229993, 954.2202343467047)
(1225.9577898586542, 959.0456612849615)
(1228.554539799132, 960.9497741458266)
(1231.606965292892, 961.0634605521788)
(1234.1844229803023, 962.507422050272)
(1235.5023721069776, 962.9802245123013)
(1238.8104487674302, 961.3731642156968)
(1242.0127121115756, 963.5059381871148)
(1246.8242133511167, 28.861913924568334)
(1243.6645838126221, 32.737057945049656)
(1240.9024089138218, 36.90483790906369)
(1238.1307467364738, 41.06631466313291)
(1235.3482162919806, 45.22053231817562)
(1232.5949876033455, 49.39422753801095)
(1229.8586898326548, 53.57904229019692)
(1227.1470931934618, 57.77990454291569)
(1223.8546872672252, 61.542890487200026)
(1220.543182064866, 65.2890796568426)
(1217.2156136985432, 69.02100794761233)
(1214.2877985936343, 73.07414237808308)
(1210.9357182541216, 76.78406925033451)
(1207.9935925888853, 80.82682778504298)
(1205.0337598526573, 84.85664045730863)
(1202.047301557342, 88.8667610104021)
(1199.0455544136735, 92.86545005626164)
(1196.2346785871114, 97.00054099693621)
(1193.4259941340672, 101.13712070041439)
(1190.6156273179295, 105.27255760100321)
(1187.8059063876585, 109.40843336001699)
(1184.9931582591507, 113.54225096189252)
(1182.1800671487695, 117.67583516990064)
(1179.3667131894272, 121.8092404850679)
(1176.552780242067, 125.94225165947347)
(1173.7395055886084, 130.07571095214925)
(1170.9255331488023, 134.2086952381116)
(1168.1123365725562, 138.34220766985737)
(1165.2958692359136, 142.4734921845847)
(1162.1610631889976, 146.3687445574378)
(1159.0290545429052, 150.26624655754026)
(1155.8984739855464, 154.16489573050856)
(1152.7664036940903, 158.06234819197346)
(1149.6332638526567, 161.95894090022787)
(1146.500977382301, 165.85621962616298)
(1143.3671767892774, 169.7522809505219)
(1140.233069216177, 173.6480953352475)
(1137.0985261467238, 177.5435593314542)
(1133.965571515746, 181.44030095494352)
(1130.8338316774186, 185.33801895205835)
(1127.7005156602509, 189.2344699958365)
(1124.5702994537367, 193.1334117112865)
(1121.4412091485444, 197.03325707513775)
(1118.309343614074, 200.9308740745357)
(1115.1775753322697, 204.82856921770505)
(1112.0476636356716, 208.72775538554808)
(1108.918874616685, 212.6278424710717)
(1105.7900471578673, 216.5278987184801)
(1103.2662018065823, 220.84417079549252)
(1100.7257934308402, 225.15071526692896)
(1098.1600843165913, 229.44223443163747)
(1095.5718117768665, 233.72018315270768)
(1092.9566842005227, 237.9817682755752)
(1089.6625773845587, 241.74326535586377)
(1086.3336199456749, 245.47395461793045)
(1082.9592053221347, 249.1635787110379)
(1079.5580348496583, 252.82855339269042)
(1077.1095493598032, 257.18801652545903)
(1074.3381070020266, 261.34963967724985)
(1071.566521173666, 265.5111672809107)
(1068.7993860476315, 269.675655628147)
(1066.0299721650158, 273.83862893418393)
(1063.2605758868542, 278.00161395151275)
(1060.4882653783754, 282.1626588256493)
(1057.7195720420586, 286.3261113844561)
(1054.9496484412773, 290.48874555596757)
(1052.1826542738775, 294.65332756111235)
(1049.4141982196713, 298.8169379026224)
(1046.6453116453617, 302.9802619518177)
(1043.8762434474227, 307.1434652035414)
(1041.1064547648375, 311.3061891499283)
(1038.3360295764207, 315.4684895085504)
(1035.569065514289, 319.63309151581)
(1032.801778958272, 323.7974792399404)
(1030.0345933829835, 327.9619340652345)
(1027.2658229953715, 332.12533538395013)
(1024.4969066459091, 336.28863963054084)
(1021.2492152598372, 340.09028409850924)
(1018.5332182192304, 344.2883026877267)
(1015.856160860434, 348.5112594596714)
(1012.6863944314291, 352.378116165777)
(1009.515233256888, 356.24382914077694)
(1006.3456308546425, 360.1108202982118)
(1003.1784321817615, 363.97978043841755)
(1000.0101805679147, 367.8478783833198)
(996.8459014744307, 371.7192267038071)
(993.9216594699674, 375.7749397976209)
(991.0316944160335, 379.855148369133)
(988.1759003676399, 383.95934626313857)
(985.35274934793, 388.0860663069398)
(982.3086282439004, 392.0525920794518)
(979.5647261896147, 396.23242479338745)
(976.8238069072222, 400.414214062039)
(974.0802586868248, 404.5942790331075)
(971.3370000105401, 408.77453402951494)
(968.5941591153528, 412.95506316153734)
(965.8506211650059, 417.13513487324354)
(963.1072387034169, 421.31530863391976)
(960.3671271429839, 425.4976272057626)
(957.6232407194503, 429.67747018065387)
(954.8806636327047, 433.85817238521923)
(951.4441586370855, 437.4900360135902)
(948.0301521751844, 441.1430566647908)
(944.6344689896715, 444.8131160244776)
(942.012664925201, 449.0705969049427)
(939.4277016389055, 453.3505460645128)
(936.8627403507204, 457.6425122328454)
(933.5408463400885, 461.3794923213831)
(930.0673621404917, 464.976005565506)
(926.7903836457458, 468.7524340296733)
(923.5422772410067, 472.5537239138432)
(920.3048706701742, 476.3641305450482)
(917.0821310470463, 480.18695009631165)
(913.8756510488828, 484.0234180059099)
(910.7014608335501, 487.8866441806097)
(907.041687924659, 491.29341130727784)
(903.4247339309326, 494.74560536428953)
(899.8180540029645, 498.20853185747296)
(896.2469472054227, 501.7081312974876)
(892.7098947344493, 505.24214598585297)
(889.195300856609, 508.7984966257432)
(885.709381385108, 512.3829582921877)
(882.2456517849474, 515.9888669511766)
(878.8029324522763, 519.6148404199782)
(875.401078481448, 523.2791806827213)
(872.0158927016715, 526.9589248635576)
(868.6629360997313, 530.668059806574)
(865.3299309080048, 534.3951332418478)
(862.0341064929295, 538.1551254526102)
(858.7638318555244, 541.9373607435386)
(855.5248264640496, 545.7464084032559)
(852.3167820733438, 549.5815682678849)
(849.1401912098235, 553.4428207182951)
(845.971123608209, 557.3102501664425)
(842.8009076457156, 561.1767383341668)
(839.6284413801837, 565.0413803349298)
(836.4545482582502, 568.9048505950125)
(833.2811325480816, 572.768713005924)
(830.105724730667, 576.6309384256921)
(826.9373543467667, 580.4989390862949)
(823.7725199371502, 584.3698334480292)
(820.6051136162112, 588.2386235945835)
(817.438520932257, 592.1080797287099)
(814.2748102697628, 595.9798925914424)
(811.1111268318772, 599.8517276996112)
(807.9464560648521, 603.7227558493845)
(804.7815439488543, 607.5935866772573)
(801.6165984252766, 611.4643901898095)
(798.4534403292233, 615.3366544963067)
(795.9081299600249, 619.6403035438535)
(793.3653888892521, 623.9454711186414)
(790.822616866356, 628.2506204121709)
(788.277170917288, 632.5541892707315)
(785.7297855710483, 636.856610437675)
(783.1856669168625, 641.1609640794456)
(780.6427448637615, 645.4660247563529)
(778.1006514056103, 649.7715747618719)
(775.5603818776885, 654.0782011359044)
(773.0262581517036, 658.3884467137572)
(770.4876710176133, 662.6960650072729)
(767.9540106755493, 667.0065829890301)
(765.4251880165817, 671.3199408410396)
(762.8876454781184, 675.628174570248)
(760.3519501576009, 679.9374957745104)
(757.8102721585458, 684.2432910493834)
(755.2718751019337, 688.5510213546582)
(752.735794626568, 692.8601159025267)
(750.2016073815681, 697.1703241349999)
(747.671685840478, 701.483037549537)
(745.1317673469432, 705.7898709624054)
(742.5969333611428, 710.0996988782775)
(740.0694623661366, 714.4138488953032)
(737.5318501146311, 718.7220415628854)
(734.9957381442609, 723.0311175744852)
(732.4655621304807, 727.343681700303)
(729.943847952231, 731.661199228144)
(727.4048962301009, 735.968602640026)
(724.8691292595817, 740.277881683117)
(722.3324136313242, 744.5866023541927)
(719.0027568630873, 748.3166674750363)
(716.4732613630812, 752.6296307852731)
(713.1365787446371, 756.3534123448941)
(710.6176618220495, 760.6725624391953)
(708.097886982366, 764.9912120843156)
(704.7482474768063, 768.7033428986584)
(702.2414719165403, 773.0295509716078)
(699.7308270858468, 777.3535147242441)
(696.362909940446, 781.0490707178282)
(693.8660244890546, 785.3809944293713)
(690.4917955480088, 789.0707883332918)
(688.0013792480961, 793.4064343812447)
(685.5147078157197, 797.7442293495901)
(682.1280593678829, 801.4226274099914)
(679.6512644029924, 805.7660692136643)
(676.2509624821813, 809.4318497372811)
(672.8496555959487, 813.0966978194895)
(670.3963965552015, 817.4534764550174)
(666.9873420801596, 821.1111188085283)
(664.542644875994, 825.4727074617538)
(661.1191910191443, 829.1168759114855)
(657.689789029946, 832.7554473339649)
(655.2671421493088, 837.1293222855082)
(652.8473443342378, 841.5047740946563)
(649.393813884564, 845.1204520992877)
(645.9381154803467, 848.7340581291545)
(642.4860529883593, 852.3511376902665)
(639.0351824611906, 855.9693544616496)
(635.3956936100534, 859.3977828045565)
(633.0380296191415, 863.8070254272706)
(629.5665059127108, 867.4054310680633)
(625.9187164999802, 870.8250264242963)
(622.259395033221, 874.2322784553202)
(619.9534507714563, 878.6687884645092)
(616.2556512967354, 882.0342422295689)
(612.5642606643536, 885.40672428277)
(608.870650140308, 888.7767749198763)
(606.6291546359924, 893.246192992079)
(602.9325024754398, 896.6129069395182)
(599.2342754301992, 899.9778908506017)
(595.5436783665423, 903.3512413087853)
(593.3891048082521, 907.8632046045045)
(589.6791061738153, 911.2152055192533)
(587.5479722523635, 915.7382872351676)
(585.4006263108267, 920.2536947923395)
(583.2643936613512, 924.7743706342147)
(581.1317217883105, 929.296727396119)
(579.0073848268343, 933.8230053895818)
(576.8739895779173, 938.3450209481462)
(574.7426736965178, 942.8680169257802)
(572.6008815712387, 947.3860614687316)
(568.9566379217192, 950.8094352758021)
(566.858764436125, 955.3480393385554)
(564.7652586030908, 959.8886597066386)
(562.6646698087593, 964.4260076894507)
(558.9631964805669, 967.7874203687687)
(556.892721201881, 972.3385885836725)
(554.8246974391789, 976.8908712766628)
(552.7300739776788, 981.4309761823376)
(550.6314046909026, 985.9692123181885)
(548.5283955508925, 990.5054390053189)
(543.5968513505815, 989.6808956162978)
(550.2614769125121, 989.0440276990994)
(555.1134551493703, 988.35107667878)
(560.7802663197957, 987.0892854947399)
(566.2635017533178, 985.645494152846)
(572.2407792666492, 983.7224404388465)
(578.6592310705513, 981.0100677289765)
(583.3971304449257, 978.6634068898492)
(588.218222213279, 975.8425601889691)
(591.933840809785, 973.143117515105)
(595.4133415532125, 970.0914316386378)
(596.6871677225712, 968.7101463131391)
(599.2333532701027, 965.3256521209938)
(601.7479102498428, 961.261609368069)
(602.2919366913053, 960.0796781837367)
(603.163650069384, 957.5726708284647)
(603.8988171982263, 954.672707459482)
(604.2167154688717, 952.0677653288567)
(604.5643550110588, 957.0556653628097)
(604.254970256108, 952.772045596772)
(604.2201699564339, 952.5792418181315)
(599.7276966391049, 954.7741640247456)
(595.9892112570587, 958.0943638753911)
(593.5899723004516, 962.4811226366063)
(589.6056103841389, 965.501860976787)
(585.6362372447645, 968.5422683311416)
(581.6586306630496, 971.5718963414918)
(577.6810852096829, 974.6016046057315)
(573.7139634487146, 977.6449489723209)
(569.7515982125935, 980.6944836475753)
(565.5395990630897, 983.3887485129103)
(561.3460796850629, 986.1116872243238)
(557.1439888747686, 988.8213796094553)
(552.9409273760238, 991.529566094498)
(548.74636770049, 994.2509020032728)
(544.5605378396546, 996.9856466670645)
(540.6942278520397, 1000.1560799307795)
(536.8277218392383, 1003.3262741287696)
(532.6035678165906, 1006.0014419352724)
(528.7616699418918, 1009.2014139227099)
(526.9068042782009, 1013.8446319199248)
(522.675307742564, 1016.5081703688483)
(518.7917954389075, 1019.6575087418004)
(517.02990651837, 1024.3367979433444)
(513.1098959797673, 1027.4405887509286)
(509.18571201843844, 1030.5391013356455)
(507.5324777899118, 1035.257874119498)
(505.88010491740164, 1039.9769485933957)
(501.8722107234707, 1042.9663940487026)
(497.86415886274057, 1045.955628111418)
(496.30631853157587, 1050.706747295631)
(492.25132703799255, 1053.631989847449)
(490.77426980075165, 1058.4088404749978)
(486.67440702406793, 1061.2708546630065)
(485.21227254785, 1066.0522940669366)
(481.1004039926401, 1068.8970325407997)
(479.7149896404423, 1073.70126266359)
(478.308859667415, 1078.4994705059987)
(474.1183504655027, 1081.227039502136)
(469.97789801632933, 1084.030011766739)
(1243.6484267022336, 32.72382784913667)
(1237.3293006639483, 40.47422436236528)
(1231.8136680678977, 48.81555501552753)
(1226.2787421067062, 57.14409598043429)
(1220.7195305893836, 65.45644626814885)
(1215.2200485935318, 73.8084339224323)
(1209.7552295465523, 82.1831430387998)
(1204.3411690497276, 90.59075559747075)
(1197.7196654410657, 98.08446562391799)
(1191.0583323087442, 105.54279257439669)
(1184.363333186172, 112.9709139215987)
(1178.5156179122716, 121.0828943256303)
(1171.7639941529396, 128.45958576640678)
(1165.8911356129972, 136.55338169723086)
(1159.9798893904142, 144.6191840811228)
(1154.0106031685098, 152.64212755599425)
(1148.00779804868, 160.64002294749227)
(1142.4136819961307, 168.92892309109467)
(1136.8242792601786, 177.2210022667497)
(1131.2312244249654, 185.5106185190437)
(1125.6395595074443, 193.80117238776464)
(1120.0412648391693, 202.08725088167017)
(1114.4421916084789, 210.37280330485626)
(1108.8425316523053, 218.65795921016218)
(1103.2415697180772, 226.9422350029716)
(1097.6420715875108, 235.2275002784944)
(1092.040994796694, 243.5116984161159)
(1086.4416559559645, 251.79707134355252)
(1080.8349114851408, 260.07743464710916)
(1074.5098470777898, 267.82298564383376)
(1068.1911002699162, 275.5736913393165)
(1061.8756221116096, 283.3270606476851)
(1055.5567712164795, 291.07768148508353)
(1049.2354446962224, 298.82628336053784)
(1042.9161110278649, 306.5765105822367)
(1036.5932824539059, 314.3238868364486)
(1030.2698006182131, 322.07072990144377)
(1023.9453212322683, 329.8167585934096)
(1017.6245567616478, 337.56581895624987)
(1011.3067208130094, 345.31726713875696)
(1004.9851652744754, 353.0656821749583)
(998.6710905053882, 360.8201943975533)
(992.3597422847101, 368.5769259023395)
(986.0417335532984, 376.3282332546386)
(979.7239797578541, 384.0797483955738)
(973.4107956870256, 391.8349857799378)
(967.1004319226244, 399.59251819436776)
(962.5918697387594, 408.5184840823948)
(958.0543022764689, 417.42973997172726)
(953.4697725579573, 426.3169266615681)
(946.7796500459299, 433.74944042032183)
(939.9873183353743, 441.0886658517813)
(933.1237435256877, 448.361309169849)
(928.6114783163033, 457.28540367182393)
(924.1023295548695, 466.2110732515955)
(919.5927227259599, 475.13651140603093)
(912.0606133592589, 481.71430195362785)
(907.5982895128145, 490.66347319399716)
(903.1512151027691, 499.6202320492706)
(897.8670210649659, 508.11006675736974)
(892.4405083829124, 516.5096477059357)
(887.0075679927719, 524.9050725741112)
(881.5745089870036, 533.300420681238)
(876.1330289542483, 541.6903131151805)
(870.7019175790231, 550.0869213131316)
(865.2670254559013, 558.4810828323084)
(859.8405712721562, 566.880701573163)
(854.4097374689861, 575.277489304334)
(848.9775016249163, 583.6733700642307)
(843.5444949490231, 592.068752036464)
(838.109230043878, 600.4626721820753)
(832.6717692196917, 608.8551700096257)
(827.2449511937422, 617.2545536842312)
(821.8168291891117, 625.6530947184136)
(816.3889463124118, 634.0517903002781)
(810.9557045260191, 642.4470201178945)
(805.5217739740804, 650.8418041387438)
(798.3930596856026, 657.8547516355708)
(791.39971964979, 665.0027020511445)
(786.4460156771089, 673.6895206259188)
(781.6676965318793, 682.4740334835753)
(774.934314349029, 689.8673794365031)
(768.2065184418653, 697.2658091504054)
(761.4868113572603, 704.6715864017889)
(754.7638669301425, 712.0744249269686)
(748.0546276800629, 719.4896868026674)
(741.3447389844285, 726.9043610161577)
(734.6422963173126, 734.3257666979692)
(729.1956227991602, 742.7122884791762)
(723.9188686917911, 751.2067493855765)
(718.7460872216877, 759.7649227807908)
(713.5685649402095, 768.3202289135248)
(708.4021217348421, 776.8822301168483)
(703.2242416757872, 785.4373197186023)
(698.0466828967238, 793.9926037635271)
(692.8700689739786, 802.5484595532678)
(687.6889989444135, 811.1016176453845)
(682.5081124685314, 819.6548869223349)
(677.3405125141752, 828.2161900189282)
(672.1542924548804, 836.7662263636795)
(666.9457621276961, 845.3026900244)
(661.9540458349285, 853.9677213834037)
(653.1667068060448, 858.7408412008247)
(644.463518172487, 863.6657277587782)
(635.9433515837185, 868.900874490211)
(627.5193525437735, 874.2894030625586)
(619.2524173583523, 879.9159279794185)
(617.2191121975917, 889.7070295580573)
(615.3214845938066, 899.5253292824166)
(607.0313059607804, 905.1175505077003)
(599.0056658635004, 911.083210658005)
(591.13394102458, 917.2505397444348)
(583.4847281165847, 923.6917773497524)
(576.1228510985599, 930.4595514869025)
(569.3045400250461, 937.774647802386)
(559.3556724452554, 938.7846150690788)
(549.5038932712788, 940.49997133155)
(539.7026135188553, 942.4836334032578)
(530.1022377533671, 945.2823447426832)
(520.8326689536304, 949.034023602467)
(516.7509891515646, 958.1630920102185)
(512.7493358030108, 967.3275216421164)
(508.2942636525142, 976.2803051273722)
(510.10345274779445, 974.0501883604351)
(510.107947098736, 974.0426648334749)
(510.52935271069344, 973.2231560304497)
(507.96421308764263, 982.8885612839429)
(510.24724952829985, 975.6083936408253)
(508.88653405470825, 985.515383769009)
(509.5988306634236, 978.5817440756942)
(510.52673266113845, 988.5386009031592)
(510.2404322625475, 983.1105570521411)
(500.9935686520651, 986.9178544359997)
(494.57768691278915, 994.5883473476466)
(489.69068871340085, 1003.3128673114713)
(487.8099313623545, 1013.1344125965313)
(486.2064594007257, 1023.0050193493237)
(484.53520610695375, 1032.8643759423298)
(482.7295520648663, 1042.7000057381433)
(480.92579758814827, 1052.5359840721842)
(479.0060315664335, 1062.349979100809)
(476.8234569261345, 1072.108891332176)
(474.36696713837, 1081.8024798278059)
(471.5846628679193, 1091.4076233950116)
(463.1982241346395, 1096.8544247841705)
(459.9641757595184, 1106.3170317773504)
(452.4523987176655, 1112.918032131349)
(455.8021541632129, 1108.3418457480611)
(456.04963213721385, 1107.9998476602673)
(449.6140638843994, 1115.6538310194971)
(454.1498448176903, 1109.3001583799012)
(455.55127730199445, 1107.3415549091158)
(449.48861030511733, 1115.2941688746605)
(454.16401166814427, 1108.874967009195)
(455.1390399566577, 1107.5063922568143)
(455.1850221774832, 1107.4413529063186)
(455.3891955873507, 1107.151321645347)
(450.18895364330893, 1115.6928369513937)
(454.63954005160446, 1109.2030304960608)
(455.5765112426419, 1107.8721721860409)
(450.3046354318307, 1116.369661546751)
(454.8162838341274, 1109.6880002938894)
(455.86256016312547, 1108.2163315476614)
(455.9326172027259, 1108.116709092803)
(450.49295965884374, 1116.507783267501)
(455.06508331168243, 1110.2355209303887)
(456.5091711158981, 1108.2327658253682)
(456.861962577937, 1107.7389470338462)
(451.56537642390515, 1116.2210561532172)
(456.3103001102979, 1110.0114689727475)
(457.440131334655, 1108.490758088997)
(452.35541828049213, 1117.1015474347437)
(456.80794318841777, 1111.465422465702)
(457.8751490778259, 1110.1050343616898)
(451.17670977033526, 1117.53005361041)
(455.9325805763003, 1110.6459843008067)
(456.89122659455325, 1109.3742606743162)
(450.2943348411186, 1116.889646172976)
(454.8240262837692, 1110.5321029105164)
(455.3332986334359, 1109.831917255567)
(455.5949499851914, 1109.4658290909329)
(455.79773838964934, 1109.1858009374719)
(455.8796688625751, 1109.0702423750877)
(450.39123721361483, 1117.4294958127275)
(455.140413277492, 1110.917269201562)
(456.09058817367696, 1109.5820601669825)
(450.69183435188734, 1117.9995097315307)
(455.4635529163486, 1111.7575447164763)
(456.50576222195554, 1110.3355605315933)
(456.91963802842156, 1109.7864255346346)
(457.10602286292027, 1109.5371722251446)
(450.98916204847217, 1117.4481780889187)
(455.816092526521, 1110.7556690074025)
(456.8679955277946, 1109.3103648230021)
(457.03119488297006, 1109.0891683509044)
(450.78803826714494, 1116.9008900222314)
(455.3402896695816, 1110.478804236164)
(456.40517202942294, 1108.9969966989404)
(450.89003098761776, 1117.3386523672712)
(455.481362659368, 1111.2499092422006)
(456.6247961259245, 1109.7764974459246)
(457.4071213943824, 1108.7367888890249)
(450.98927415638747, 1116.4056373573258)
(455.7602569639036, 1110.1565870908498)
(456.59736085463834, 1109.0749712578886)
(449.78550829036595, 1116.3960821464502)
(454.3611541758332, 1110.0794228900647)
(455.3574662014234, 1108.7287278649442)
(455.8004533381654, 1108.123510204633)
(448.9708641849483, 1115.428078090433)
(453.251736368311, 1109.463666376192)
(454.4586899902419, 1107.7727025761963)
(449.27768974176684, 1116.3259029377743)
(453.94720049682905, 1109.9230308531246)
(454.82730451889853, 1108.6977705214836)
(464.7020729557126, 1107.1201304106532)
(456.2728043294706, 1112.5004120414467)
(458.00084691971955, 1110.4543531741301)
(450.7672325535131, 1103.5496574385447)
(443.6942359894014, 1096.4805189051685)
(442.4351700769586, 1106.4009399157974)
(444.06258581096773, 1102.272617853882)
(441.08630925577654, 1111.8194381552712)
(444.46007291757957, 1104.24160922596)
(445.2896772920184, 1102.2935189669695)
(442.0544411880529, 1111.7557199451562)
(444.9822826001576, 1104.815980598702)
(445.731531924795, 1103.0797932044416)
(445.8681101734445, 1102.7587999982247)
(442.0983813025016, 1112.0210429360654)
(445.3346274466694, 1104.6758076551132)
(445.67401030925276, 1103.8782370244787)
(442.37840434759914, 1113.3195812796955)
(445.66583655121855, 1105.843809395184)
(446.1895131938998, 1104.6634908580484)
(446.26505401835783, 1104.4934025966556)
(446.34697676231104, 1104.305791768098)
(442.65920612988015, 1113.6009705056254)
(446.2371152443909, 1106.107828740539)
(447.42558535202085, 1103.6115848888473)
(443.84631871777657, 1112.9490818961285)
(447.2155603525733, 1106.2689640639544)
(447.64010897073996, 1105.4229187227118)
(447.9098151390091, 1104.8964998158622)
(448.2830411773849, 1104.1204875042324)
(448.3059293793588, 1104.0747944533732)
(448.64008635796046, 1103.4277144374398)
(444.8372528327408, 1112.6764147342094)
(448.49500610611, 1106.3356436604765)
(449.19743519206565, 1105.0613017133358)
(445.03938455982257, 1114.1558393563225)
(449.13973424582696, 1107.2043592160012)
(450.2898117637612, 1105.2023648615439)
(446.05499303758353, 1114.2614106367023)
(449.9386203419715, 1107.5377509036516)
(450.7767656690067, 1106.1214473221085)
(446.24378802417726, 1115.0350388357172)
(450.5805329404993, 1107.5530256177587)
(451.54550236211287, 1105.9164018602394)
(447.1638355647996, 1114.9053392878402)
(450.91489295511525, 1108.7707082067643)
(452.0485155116731, 1106.9662345903857)
(452.2386613972165, 1106.6527101538081)
(452.4973685222911, 1106.2308556373844)
(452.64260826559064, 1106.0059593581025)
(448.2893924419489, 1115.0087096041548)
(452.5896568460061, 1108.738631119432)
(453.422561595169, 1107.536307067276)
(453.72959783853116, 1107.0775308514567)
(448.4542770343473, 1115.572881957382)
(452.8348833132278, 1109.313655926569)
(453.46680838183573, 1108.355463894385)
(453.65422887157024, 1108.0802077411465)
(453.83183511220574, 1107.8109248451738)
(463.72462770233534, 1106.3505636676987)
(473.61683208878213, 1104.8862234146281)
(464.72002403724633, 1109.4520537327771)
(456.4677310645591, 1115.100032193513)
(458.84004191502123, 1112.3551734497885)
(459.1335875407959, 1112.0066019598883)
(452.3521089697644, 1119.3558569146874)
(457.46689178705225, 1113.4590264494013)
(458.8489523111099, 1111.8934871010222)
(451.5096044613269, 1118.6856865341872)
(456.2792615840396, 1113.0521011544224)
(457.2239705590185, 1111.968113938832)
(457.73917197538384, 1111.3765140197493)
(458.47459255640285, 1110.5213681170296)
(458.79901831625136, 1110.1440146284474)
(458.98300931473403, 1109.9357261914447)
(459.28823642033507, 1109.6033638691893)
(452.37312341095014, 1116.8270202887206)
(457.18776873038314, 1111.300512029625)
(457.9904219967744, 1110.4083066444025)
(450.64998034674403, 1117.1993239748545)
(455.3972726370027, 1111.502401414323)
(456.8723396169995, 1109.7279434024133)
(450.312337377846, 1117.2755503491417)
(455.50666577129385, 1110.9627912670644)
(456.0713266719288, 1110.2802287999023)
(1240.4726400533502, 36.585741773704996)
(1230.9941522399256, 48.21150062079806)
(1222.7340591900136, 60.73231779887373)
(1214.444529600751, 73.23366569375042)
(1206.1145557402738, 85.70810097089898)
(1197.8759312932752, 98.24305478897578)
(1189.6905596669503, 110.81284760106917)
(1181.583474169078, 123.4332740887196)
(1171.5906860700677, 134.62006031212957)
(1161.5355077394372, 145.7508010214993)
(1151.4273039671739, 156.83340976215254)
(1142.670839959609, 169.01225774068578)
(1132.463838375139, 180.00394180886317)
(1123.6770011981223, 192.16089424048022)
(1114.8272715766334, 204.27214048628596)
(1105.8818317863536, 216.3128674974959)
(1096.8807211052865, 228.31203440637677)
(1088.5386701654813, 240.77839659097964)
(1080.204260532255, 253.24986867993454)
(1071.8638554519678, 265.71733205853405)
(1063.525699082567, 278.18629947205386)
(1055.1765478654308, 290.64790747236407)
(1046.8260432724435, 303.1086086180659)
(1038.474533393958, 315.56863601569063)
(1030.1207850511585, 328.02716275945835)
(1021.7694940097887, 340.487336832975)
(1013.4154663901397, 352.9456763102145)
(1005.0643826910809, 365.40598935007483)
(996.7004895776173, 377.8577077851566)
(987.1012580857521, 389.3839714801092)
(977.5129219616782, 400.91930027350645)
(967.9303361229288, 412.4594063667362)
(958.3419503848437, 423.9946939200522)
(948.7491881266203, 435.52634220887916)
(939.1600464320218, 447.0610013525605)
(929.5647428005279, 458.59053509072356)
(919.9684559437561, 470.1192504815443)
(910.3704642217385, 481.64654656102806)
(900.7792414200597, 493.17947529437924)
(891.193593656537, 504.7170381632728)
(881.6011959988192, 516.2489897403567)
(872.0230162762801, 527.792753130289)
(862.4501083679194, 539.340888658505)
(852.8647635575583, 550.8787032204783)
(843.2800645587522, 562.4170542769459)
(833.7044136130282, 573.9629153953579)
(822.2665610700334, 583.6673231158067)
(810.8981070498512, 593.4529377204701)
(799.5990713160072, 603.3186253034679)
(789.8790345575496, 614.7431990554393)
(774.887319216318, 615.2416678382945)
(764.1452143828151, 625.7110127913483)
(753.6532826855952, 636.431057999316)
(738.653298862364, 636.4090284101063)
(723.6537726914036, 636.5282536032244)
(708.6563040433371, 636.8038151213336)
(700.740177865875, 649.5448883234819)
(691.0265106194767, 660.9748782021409)
(689.1897460722341, 658.8337605754137)
(684.1016633975237, 654.3743689164327)
(683.6954583862749, 654.1177070853103)
(677.9322115724522, 667.9663527289449)
(674.0385623668456, 668.3224565509316)
(668.3399288107519, 682.1978151262393)
(662.6680423342032, 696.0841286686142)
(656.9818781212223, 709.9646018789559)
(651.3148616839975, 723.8529036001969)
(644.9340615707133, 737.4280791023521)
(639.2748576764659, 751.3195661099886)
(637.5868741239636, 766.2242872253427)
(635.8765665190108, 781.1264631703663)
(634.2019809358299, 796.0326955288331)
(628.3217752360948, 809.8320861287401)
(622.8144812224531, 823.7844949762225)
(617.5613449741015, 837.8345682698482)
(612.8714230366014, 852.0825376767551)
(608.5732009448388, 866.4535253550563)
(597.3959923239203, 876.4570251148635)
(587.0542938782733, 887.3220733549452)
(586.5557521675237, 902.3137862711748)
(586.6969782494338, 917.3131214295672)
(587.2214657971654, 932.3039490522261)
(588.131384156825, 947.2763252356766)
(588.6872473119486, 962.2660222357089)
(587.8186916843351, 977.240854826484)
(588.1975706793643, 968.4229232143333)
(573.6787285697832, 972.1239485896039)
(563.8518948071461, 983.4567919310383)
(552.050220977631, 992.7153282528194)
(540.2677230271029, 1001.998255703026)
(528.5521357000282, 1011.3654865415228)
(516.8682530158694, 1020.7722333448983)
(511.7944362423317, 1034.8880536663873)
(499.77554628311435, 1043.8628118329468)
(495.21487232139197, 1058.1526772282145)
(482.8473990046913, 1066.6406454044447)
(478.8397459509264, 1081.0953580269997)
(466.2109001378772, 1089.1893220391653)
(462.3931006506329, 1103.6953348295635)
(450.4637287753755, 1112.7887437977017)
(453.8100383607985, 1107.7719884104968)
(454.03471106629604, 1107.4347957158463)
(454.30711717964925, 1107.0302892144766)
(446.39703688764536, 1119.775116783889)
(452.22215276959736, 1111.1740071130434)
(454.4844645159062, 1107.8910028764503)
(454.69418811472593, 1107.5930188301863)
(447.0890789185874, 1120.5221454099212)
(453.14142140767564, 1112.3419709933144)
(454.89434383245543, 1109.9965171907472)
(455.16347398935807, 1109.6353495998985)
(455.7032333545438, 1108.913677951561)
(446.7048526231371, 1120.9148922323184)
(452.835139488722, 1112.631261445966)
(455.13357509280763, 1109.5351311054912)
(455.1363155793836, 1109.5315645239482)
(455.70628414245624, 1108.7380340622055)
(456.039728689842, 1108.2830054025032)
(447.60473535665864, 1120.6866696783998)
(453.8104050689338, 1112.1561271886983)
(456.211378303046, 1108.935302512545)
(446.26936762050826, 1120.1672401721078)
(452.1406162169012, 1112.0505939488526)
(454.60806356747617, 1108.592314926448)
(454.65122853567823, 1108.533235765374)
(444.8554852186023, 1119.8929634410695)
(450.75761122965315, 1111.2691221029804)
(453.24084130156245, 1107.687051740135)
(453.2574192393441, 1107.6629263834077)
(453.468398548581, 1107.3505783298037)
(453.9210314281813, 1106.701539527991)
(446.5880324663796, 1119.7869178651356)
(452.78551944841496, 1111.2351757284619)
(454.7857986534378, 1108.496873752562)
(454.9469544347543, 1108.2783072505035)
(455.24530563698187, 1107.8804432962083)
(445.21241320975184, 1119.0312759800768)
(451.10645532178035, 1110.6299811706676)
(453.1942799912312, 1107.7070268288269)
(453.89665685175464, 1106.6644720925597)
(446.17515728280733, 1119.524427162728)
(452.1378131834972, 1111.0138292810377)
(454.32447709125046, 1107.8746700761267)
(454.84780523868363, 1107.1053138082796)
(447.47957211603915, 1120.1708846205465)
(453.72747458930036, 1111.749770395408)
(456.1814062904591, 1108.4495185465896)
(456.6003131287025, 1107.88615265688)
(446.9635222811447, 1119.3810324805418)
(452.97394286602224, 1111.1586792421485)
(455.15439598758616, 1108.1215270068856)
(455.72333132175726, 1107.3308768515913)
(446.3932709715402, 1119.0760875291953)
(452.4568564007681, 1110.612626152292)
(454.636798322995, 1107.4982074291454)
(454.84141048245687, 1107.2036022030068)
(455.04404823085594, 1106.9105426038072)
(447.35352662362385, 1119.7890470747734)
(453.23299283165954, 1111.2043250954453)
(455.4145078520239, 1108.1060230994783)
(455.46506498674137, 1108.0319992909883)
(455.6326419066082, 1107.7795829500674)
(447.5370884603892, 1120.4074099365055)
(453.59910205855897, 1111.8919140465944)
(455.8531714441576, 1108.8345477039552)
(455.99871616779654, 1108.6332856011413)
(456.4335565315173, 1108.0255553976826)
(456.7138471101291, 1107.630154970115)
(448.82156901155025, 1120.3860142675003)
(455.19581445101727, 1112.2126142344523)
(457.619337620461, 1109.012364346699)
(449.61842607503667, 1121.7003671226405)
(456.0183005205519, 1113.9166697136832)
(458.4517253246189, 1110.9361080938618)
(448.40579388875824, 1122.0751952012502)
(454.6566620222761, 1113.1974392052787)
(457.1331839268837, 1109.9885527315837)
(447.37256978724434, 1121.378478614445)
(453.52756229057496, 1112.8564384853328)
(455.47169086683374, 1110.221679940141)
(455.8709206141439, 1109.6711453953058)
(456.07753331239405, 1109.3899575957141)
(456.1623056029719, 1109.2721341787487)
(447.84367727569105, 1121.7541381345468)
(454.1710397694962, 1113.3287862210666)
(456.45252228257806, 1110.2113364300708)
(447.35321454831603, 1122.1362095429051)
(453.7152103094721, 1113.7444388797896)
(456.1022164109353, 1110.4520290653618)
(456.7067237371758, 1109.6413096072429)
(456.89805062559026, 1109.382663427143)
(448.3819274890388, 1121.7307663876422)
(454.7180055261053, 1113.1517673180053)
(457.13458881059717, 1109.9101484810878)
(457.4905368699804, 1109.4391900203664)
(447.9976044216183, 1121.0531571948866)
(454.0504141909762, 1112.5779485974492)
(456.382448298394, 1109.3593639297228)
(456.4746950406297, 1109.231936503544)
(446.76415063251017, 1120.6645795618197)
(452.865953978833, 1112.2671552033605)
(455.7023422496196, 1108.2189848697262)
(455.82922301902715, 1108.03532298645)
(455.92673320730785, 1107.900833687775)
(446.2227339192964, 1119.3390327513634)
(451.77382749019216, 1111.2171323875934)
(453.9728612413764, 1107.9726752680117)
(454.11381740529936, 1107.7684479825293)
(454.5014653303215, 1107.2018040503622)
(447.0750797714211, 1120.234409220878)
(453.21627926231974, 1112.2811487057397)
(455.69014750167963, 1109.0619539333754)
(446.1727404377823, 1120.655873149071)
(452.41754120328125, 1112.1149757340618)
(454.6789001229156, 1108.9720422510836)
(454.82204511695375, 1108.7716651432158)
(445.0878518750975, 1120.1841794117809)
(451.14546797933764, 1111.2617977995103)
(453.4320496223216, 1107.7724397313914)
(453.9919874526196, 1106.9421985790873)
(454.0248862822919, 1106.8933530596967)
(443.91094330371516, 1095.8159816464913)
(442.32991806904266, 1110.7324275773199)
(445.44392185903075, 1104.045009067064)
(446.0911111637074, 1102.5946866542954)
(441.03741960260055, 1116.7177246279468)
(445.24622864175495, 1107.4659917742258)
(446.89741654773104, 1103.9189123563483)
(447.1640677488523, 1103.3385358276528)
(441.13671376598063, 1117.0742922307477)
(445.69242948191004, 1107.5975957691674)
(447.02744814599697, 1104.716640911976)
(441.3154613266025, 1118.5865077669628)
(445.94563785870184, 1108.9412952824077)
(447.5549762250182, 1105.6136970699374)
(447.75961079176915, 1105.1910970951105)
(447.8536736903529, 1104.9937773040997)
(441.9075735584123, 1118.7649026474019)
(446.93710504783735, 1109.3419039091914)
(449.2438505798848, 1105.0153064323881)
(442.67448481226916, 1118.5002400032768)
(447.7074832196459, 1109.4648456298669)
(449.3098053161226, 1106.5693340001214)
(449.7049546312216, 1105.8700180390338)
(450.1358941660381, 1105.0618499946174)
(450.1454739680771, 1105.0445604312624)
(450.49397836378637, 1104.4343151537944)
(444.20598638960985, 1118.052727577153)
(449.705349628438, 1109.702689732025)
(451.5700395551475, 1106.7410580877765)
(444.34440051777773, 1119.8860244438247)
(450.34356010661105, 1111.111019879483)
(452.8908258568801, 1107.2908691275761)
(445.153781175406, 1120.1414776577926)
(450.9776119886195, 1111.3623523785225)
(453.2219965370353, 1108.058328038741)
(445.2199779500393, 1120.7456326592412)
(451.3223897212152, 1111.5203732341595)
(453.80579610415987, 1107.8247836089613)
(446.0592404554897, 1120.6696610152294)
(451.83924118052494, 1112.3361858710068)
(454.3035806187484, 1108.8848207591834)
(454.72550041795597, 1108.2740979621724)
(455.00514035321027, 1107.8740728248865)
(455.1223409725344, 1107.7145589167678)
(447.78653971340566, 1120.7983664622252)
(454.21643518090866, 1112.8689533551087)
(456.4558844281015, 1110.132416254978)
(456.98620434082653, 1109.463824787878)
(447.38238134710457, 1120.986263067394)
(453.77249642705624, 1112.9730447527159)
(455.79188454536774, 1110.2798854295645)
(456.11040909448553, 1109.8682520315542)
(456.33223180782466, 1109.5729502275408)
(471.1453892076527, 1107.2127875535036)
(474.7353941507132, 1121.7768482684553)
(460.53158096048884, 1126.598848979489)
(466.29591491501105, 1122.5592244628554)
(467.54528516665704, 1121.702586524295)
(467.8342157711113, 1121.4995231147439)
(455.04336072851413, 1129.3349571983965)
(463.43153423205194, 1123.4337775898498)
(466.70411619473, 1121.1825819714124)
(453.70039519773087, 1128.659428915961)
(461.88319467369155, 1122.5781714265638)
(464.7144435130906, 1120.5348116623327)
(465.528710942705, 1119.951003394447)
(466.4823047018034, 1119.2663465847593)
(466.8795654059079, 1118.9823995333)
(466.97141064328326, 1118.9187188380652)
(467.14617131121787, 1118.8028798182106)
(467.1698612989683, 1118.7868066563565)
(454.11819256821343, 1126.1796371929395)
(462.1136043938625, 1120.395046575812)
(464.2121375509436, 1118.8528351035382)
(464.4511813661035, 1118.6737268880636)
(465.06575928403635, 1118.2156894472714)
(453.0554902264536, 1127.2019810719892)
(461.5487617365472, 1120.9063232338108)
(464.08560614251434, 1119.011602729973)
